0.641602
0.179077
0.996582
0.646484
0.990723
0.452393
0.996094
0.275391
0.615723
0.152954
0.649902
0.990234
0.972656
0.646484
1.000000
0.996582
0.657715
0.993652
0.645020
0.638672
0.202148
0.994629
0.946289
0.216064
0.990723
0.304443
0.317383
0.994629
0.198120
0.979980
0.995605
0.619141
0.996094
0.959473
0.506348
0.285400
0.530273
0.297119
0.634766
0.297363
0.990723
0.790039
0.156616
0.999023
0.989746
0.990723
0.314941
0.657715
0.215576
0.649902
0.985352
0.467041
0.995605
0.194214
0.657227
0.996582
0.996094
0.169678
0.275635
0.990723
0.186157
0.713867
0.990723
0.307861
0.529297
0.515137
0.167847
0.311768
0.164185
0.990723
0.989746
0.996582
0.646484
0.741211
0.998535
0.883789
0.934082
0.999512
0.990723
0.792969
0.637207
0.649902
0.996094
0.991699
0.314941
0.196045
0.173828
0.285400
0.649902
0.997070
0.991699
0.996582
0.000000
0.000000
0.000000
0.000000
0.000000
0.000000
0.000000
0.000000
