0.000000
0.000000
0.000000
0.379150
0.302002
0.409424
0.271729
0.745605
0.784180
0.211426
0.179443
0.192505
0.139160
0.191528
0.301025
0.196899
0.988770
0.849121
0.986328
0.990723
0.965820
0.988281
0.988770
0.992676
0.000000
0.309570
0.000000
0.527344
0.672852
0.499268
0.500488
0.500000
0.496582
0.353760
0.375732
0.308594
0.162842
0.183105
0.290283
0.669922
0.271729
0.429199
0.349854
0.192139
0.591797
0.506836
0.500000
0.507324
0.499512
0.000000
0.000000
0.000000
0.000000
0.361816
0.341797
0.402100
0.448242
0.352539
0.588867
0.451660
0.925293
0.000000
0.000000
0.000000
0.000000
0.000000
0.000000
0.000000
0.000000
0.000000
0.000000
0.000000
0.000000
0.000000
0.000000
0.000000
0.000000
0.000000
0.000000
0.000000
0.000000
0.000000
0.000000
0.000000
0.000000
0.000000
0.000000
0.000000
0.000000
0.000000
0.000000
0.000000
0.000000
0.000000
0.000000
0.000000
0.000000
0.000000
0.000000
0.000000
